##
#%%
data = [[2500, 2500, 0, 0, 500, 0, 0], [2500, 2498, 0, -4, 500, 0, 0], [2500, 2493, 0, -7, 500, 0, 0], [2500, 2483, 0, -11, 500, 0, 0], [2500, 2470, 0, -15, 500, 0, 0], [2500, 2454, 0, -19, 500, 0, 0], [2500, 2433, 0, -22, 500, 0, 0], [2500, 2409, 0, -26, 500, 0, 0], [2500, 2381, 0, -30, 500, 0, 0], [2500, 2350, 0, -33, 500, 0, 0], [2500, 2314, 0, -37, 500, 0, 0], [2500, 2275, 0, -41, 500, 0, 0], [2500, 2233, 0, -45, 500, 0, 0], [2500, 2186, 0, -48, 500, 0, 0], [2500, 2136, 0, -52, 500, 0, 0], [2500, 2083, 0, -56, 500, 0, 0], [2500, 2025, 0, -59, 500, 0, 0], [2500, 1964, 0, -63, 500, 0, 0], [2500, 1899, 0, -67, 500, 0, 0], [2500, 1830, 0, -71, 500, 0, 0], [2500, 1758, 0, -74, 500, 0, 0], [2500, 1682, 0, -78, 500, 0, 0], [2500, 1602, 0, -82, 500, 0, 0], [2500, 1518, 0, -85, 500, 0, 0], [2500, 1431, 0, -89, 500, 0, 0], [2500, 1340, 0, -93, 500, 0, 0], [2500, 1246, 0, -96, 500, 0, 0], [2500, 1147, 0, -100, 500, 0, 0], [2500, 1045, 0, -104, 500, 0, 0], [2500, 940, 0, -108, 500, 0, 0], [2500, 830, 0, -111, 500, 0, 0], [2500, 717, 0, -115, 500, 0, 0], [2500, 600, 0, -119, 500, 0, 0], [2500, 479, 0, -122, 500, 0, 0], [2500, 355, 0, -126, 500, 0, 0], [2500, 227, 0, -130, 500, 0, 0]]


# %%
d = []

for d in data:
    print("{",'"x": {}, "y": {}, "h_speed": {}, "v_speed": {}, "fuel": {}, "rotate": {}, "power": {}'.format(*d), "}", sep="")
# %%
